%YAML:1.0
cameraMatrix: !!opencv-matrix
   rows: 3
   cols: 3
   dt: d
   data: [ 3.3103147634285801e+03, 0., 9.1919299860328999e+02, 0.,
       3.3120018105701461e+03, 4.8011101687054219e+02, 0., 0., 1. ]
imageSize_width: 1920
imageSize_height: 1080
sensorSize_width: 0
sensorSize_height: 0
distCoeffs: !!opencv-matrix
   rows: 5
   cols: 1
   dt: d
   data: [ 5.6715448919528100e-01, -1.8372007980370275e+00,
       -1.4505457039618141e-02, -5.7440875285867561e-03,
       2.0577829183788602e+01 ]
reprojectionError: 2.4487332999706268e-01
features:
   - [ 1.18191699e+03, 8.54706421e+02, 9.89162476e+02, 8.55474182e+02,
       7.97479065e+02, 8.57404053e+02, 1.08389917e+03, 7.58269653e+02,
       8.92426697e+02, 7.59911682e+02, 7.01298767e+02, 7.62286316e+02,
       1.17868152e+03, 6.61611206e+02, 9.86899902e+02, 6.63175293e+02,
       7.96285889e+02, 6.65193604e+02, 1.08134863e+03, 5.66753784e+02,
       8.90656616e+02, 5.68734009e+02, 7.00355042e+02, 5.71136292e+02,
       1.17623242e+03, 4.70189484e+02, 9.84794373e+02, 4.72447388e+02,
       7.94753418e+02, 4.74785706e+02 ]
   - [ 1.18237244e+03, 8.55108215e+02, 9.89594299e+02, 8.55630981e+02,
       7.97958618e+02, 8.57315063e+02, 1.08447021e+03, 7.58519897e+02,
       8.92992920e+02, 7.59949646e+02, 7.01887878e+02, 7.62123535e+02,
       1.17934204e+03, 6.61986694e+02, 9.87568298e+02, 6.63312439e+02,
       7.96982361e+02, 6.65137878e+02, 1.08211194e+03, 5.67026550e+02,
       8.91399780e+02, 5.68805542e+02, 7.01152222e+02, 5.70984131e+02,
       1.17709253e+03, 4.70579865e+02, 9.85671753e+02, 4.72634094e+02,
       7.95654175e+02, 4.74758392e+02 ]
   - [ 1.18234656e+03, 8.55236206e+02, 9.89578308e+02, 8.55792908e+02,
       7.97969727e+02, 8.57460693e+02, 1.08444336e+03, 7.58681641e+02,
       8.92954712e+02, 7.60127502e+02, 7.01858704e+02, 7.62275330e+02,
       1.17930981e+03, 6.62129578e+02, 9.87540955e+02, 6.63471069e+02,
       7.96951965e+02, 6.65307495e+02, 1.08207312e+03, 5.67194702e+02,
       8.91426453e+02, 5.68968750e+02, 7.01127747e+02, 5.71134094e+02,
       1.17704333e+03, 4.70735535e+02, 9.85635559e+02, 4.72776978e+02,
       7.95611633e+02, 4.74925140e+02 ]
   - [ 1.17233093e+03, 7.39565430e+02, 9.79056396e+02, 7.39631897e+02,
       7.87475769e+02, 7.40397217e+02, 1.07461096e+03, 6.43014099e+02,
       8.82627625e+02, 6.43955139e+02, 6.91624146e+02, 6.45089478e+02,
       1.17053442e+03, 5.46255981e+02, 9.77806458e+02, 5.47356445e+02,
       7.86964722e+02, 5.48783081e+02, 1.07327271e+03, 4.50806976e+02,
       8.81731689e+02, 4.52370300e+02, 6.91101746e+02, 4.54030609e+02,
       1.16944031e+03, 3.53388550e+02, 9.76791565e+02, 3.55525726e+02,
       7.85964661e+02, 3.57572235e+02 ]
   - [ 1.76977893e+03, 6.80174683e+02, 1.54585327e+03, 6.85080322e+02,
       1.33309448e+03, 6.90359619e+02, 1.65156958e+03, 5.77490479e+02,
       1.43384583e+03, 5.84859619e+02, 1.22563977e+03, 5.91828308e+02,
       1.76064502e+03, 4.67769470e+02, 1.53723279e+03, 4.77384705e+02,
       1.32482507e+03, 4.86379486e+02, 1.64393713e+03, 3.67532990e+02,
       1.42623035e+03, 3.78967834e+02, 1.21811609e+03, 3.89519165e+02,
       1.75446875e+03, 2.54620972e+02, 1.53061963e+03, 2.68809448e+02,
       1.31790930e+03, 2.81760986e+02 ]
   - [ 1.16085486e+03, 6.30370605e+02, 9.91523315e+02, 6.24862000e+02,
       8.13437744e+02, 6.19355408e+02, 1.07904944e+03, 5.30624939e+02,
       9.05750427e+02, 5.22399353e+02, 7.22828857e+02, 5.13500549e+02,
       1.16467603e+03, 4.38942047e+02, 9.95582703e+02, 4.28499115e+02,
       8.18016785e+02, 4.16988983e+02, 1.08360217e+03, 3.36827972e+02,
       9.10501221e+02, 3.22993469e+02, 7.27997986e+02, 3.07923279e+02,
       1.16963184e+03, 2.47241501e+02, 1.00096362e+03, 2.31353043e+02,
       8.23310303e+02, 2.13935654e+02 ]
   - [ 6.73275757e+02, 6.43237427e+02, 4.84208832e+02, 6.38126526e+02,
       2.84579773e+02, 6.33085022e+02, 5.83609802e+02, 5.46529968e+02,
       3.89914032e+02, 5.39250671e+02, 1.84195602e+02, 5.31235107e+02,
       6.80202148e+02, 4.57101318e+02, 4.91548615e+02, 4.47817657e+02,
       2.92415619e+02, 4.37591400e+02, 5.90252991e+02, 3.58440887e+02,
       3.96792236e+02, 3.46282806e+02, 1.91457886e+02, 3.33045532e+02,
       6.86378601e+02, 2.70712402e+02, 4.97842255e+02, 2.56874725e+02,
       2.98678711e+02, 2.41762070e+02 ]
   - [ 8.39668335e+02, 5.85914062e+02, 6.85841614e+02, 6.01010437e+02,
       5.40716858e+02, 6.15229126e+02, 7.60958923e+02, 4.92048187e+02,
       6.12138794e+02, 5.10348053e+02, 4.71147614e+02, 5.26728577e+02,
       8.36777222e+02, 3.79552917e+02, 6.84535522e+02, 4.02178497e+02,
       5.40278015e+02, 4.23022858e+02, 7.57736023e+02, 2.90524628e+02,
       6.10136719e+02, 3.15624603e+02, 4.70470001e+02, 3.38804260e+02,
       8.32767883e+02, 1.74233734e+02, 6.80706848e+02, 2.04380646e+02,
       5.37890381e+02, 2.31919418e+02 ]
   - [ 1.30034094e+03, 7.68625183e+02, 1.12099097e+03, 7.71921936e+02,
       9.53385315e+02, 7.75358154e+02, 1.20604456e+03, 6.70296631e+02,
       1.03358618e+03, 6.77198425e+02, 8.71356506e+02, 6.83595398e+02,
       1.29322827e+03, 5.65838318e+02, 1.11563208e+03, 5.76373352e+02,
       9.49158020e+02, 5.86224243e+02, 1.19987549e+03, 4.72414612e+02,
       1.02859216e+03, 4.86080566e+02, 8.67893860e+02, 4.98936737e+02,
       1.28681116e+03, 3.65059692e+02, 1.10980884e+03, 3.82799255e+02,
       9.44763672e+02, 3.99157532e+02 ]
   - [ 4.66982727e+02, 7.98557129e+02, 3.23364349e+02, 7.97240540e+02,
       1.84903473e+02, 7.96513489e+02, 4.00949890e+02, 7.01352539e+02,
       2.60691559e+02, 7.02867310e+02, 1.24819031e+02, 7.04401184e+02,
       4.78289856e+02, 6.03701782e+02, 3.36184387e+02, 6.07969604e+02,
       1.98746719e+02, 6.11742981e+02, 4.11537445e+02, 5.10846497e+02,
       2.72288177e+02, 5.17371826e+02, 1.37381653e+02, 5.23573975e+02,
       4.87358063e+02, 4.11864563e+02, 3.45519623e+02, 4.21065765e+02,
       2.09166733e+02, 4.29702301e+02 ]
   - [ 6.43819092e+02, 8.17280396e+02, 4.55536285e+02, 8.16283020e+02,
       2.59920868e+02, 8.16090088e+02, 5.53579834e+02, 7.24000427e+02,
       3.62588135e+02, 7.22048828e+02, 1.63217804e+02, 7.20482117e+02,
       6.49048950e+02, 6.33687866e+02, 4.62017914e+02, 6.30313416e+02,
       2.67726013e+02, 6.26981628e+02, 5.58790344e+02, 5.40414612e+02,
       3.68876801e+02, 5.35670715e+02, 1.70788330e+02, 5.30865356e+02,
       6.53353699e+02, 4.52059662e+02, 4.67012268e+02, 4.46103607e+02,
       2.73762085e+02, 4.39828247e+02 ]
   - [ 9.32595093e+02, 7.07916931e+02, 7.83952881e+02, 7.02604614e+02,
       6.29233521e+02, 6.97501953e+02, 8.60013000e+02, 6.27096985e+02,
       7.09119324e+02, 6.20483093e+02, 5.51666199e+02, 6.13445557e+02,
       9.34262756e+02, 5.53461060e+02, 7.86625977e+02, 5.45475586e+02,
       6.33113708e+02, 5.36938354e+02, 8.62216736e+02, 4.72494049e+02,
       7.12328430e+02, 4.62759155e+02, 5.56003845e+02, 4.52404144e+02,
       9.36042664e+02, 4.01006531e+02, 7.89397827e+02, 3.90033234e+02,
       6.36755615e+02, 3.78438690e+02 ]
   - [ 8.14075134e+02, 7.51239197e+02, 6.86154419e+02, 7.43642456e+02,
       5.54046875e+02, 7.35927002e+02, 7.54972351e+02, 6.81489502e+02,
       6.25384888e+02, 6.72917297e+02, 4.91401031e+02, 6.64030640e+02,
       8.22155273e+02, 6.20790100e+02, 6.95116089e+02, 6.11224243e+02,
       5.63804993e+02, 6.01439087e+02, 7.63353027e+02, 5.50804504e+02,
       6.34578125e+02, 5.40219055e+02, 5.01487457e+02, 5.29142029e+02,
       8.30158264e+02, 4.91727875e+02, 7.03901978e+02, 4.80136719e+02,
       5.73285400e+02, 4.68216064e+02 ]
   - [ 5.33659485e+02, 8.43890930e+02, 4.06371490e+02, 8.41337891e+02,
       2.72483154e+02, 8.39161499e+02, 4.74806671e+02, 7.76893188e+02,
       3.44791595e+02, 7.73175964e+02, 2.07831848e+02, 7.69538513e+02,
       5.41146667e+02, 7.14616821e+02, 4.14718079e+02, 7.09273682e+02,
       2.81858887e+02, 7.03922974e+02, 4.82476532e+02, 6.47301575e+02,
       3.53387878e+02, 6.40392212e+02, 2.17519775e+02, 6.33376648e+02,
