%YAML:1.0
cameraMatrix: !!opencv-matrix
   rows: 3
   cols: 3
   dt: d
   data: [ 4.0757733872760155e+03, 0., 9.8226619780246210e+02, 0.,
       4.0816144723541638e+03, 6.2065516303456286e+02, 0., 0., 1. ]
imageSize_width: 1920
imageSize_height: 1080
sensorSize_width: 0
sensorSize_height: 0
distCoeffs: !!opencv-matrix
   rows: 5
   cols: 1
   dt: d
   data: [ 7.5805529848622832e-01, -2.7111389255223649e+01,
       2.8778374991844564e-02, 1.1750989885268933e-02,
       1.4867275412628051e+03 ]
reprojectionError: 1.5348207950592041e-01
features:
   - [ 1.25867102e+03, 8.60190979e+02, 1.02323096e+03, 8.57352600e+02,
       7.89872742e+02, 8.56622803e+02, 1.14074915e+03, 7.47635681e+02,
       9.05192261e+02, 7.46241943e+02, 6.70482178e+02, 7.46616211e+02,
       1.26078906e+03, 6.36809326e+02, 1.02203473e+03, 6.34934937e+02,
       7.85897522e+02, 6.34564087e+02, 1.14167224e+03, 5.22270386e+02,
       9.02663208e+02, 5.21585205e+02, 6.64533752e+02, 5.21991394e+02,
       1.26428235e+03, 4.07174683e+02, 1.02156763e+03, 4.06871796e+02,
       7.81346252e+02, 4.06851501e+02 ]
   - [ 1.26110962e+03, 8.43640625e+02, 1.02412012e+03, 8.41039917e+02,
       7.89216614e+02, 8.40420715e+02, 1.14240173e+03, 7.29890015e+02,
       9.05277649e+02, 7.28642273e+02, 6.69076050e+02, 7.29043762e+02,
       1.26317554e+03, 6.17609009e+02, 1.02284479e+03, 6.16017090e+02,
       7.85250610e+02, 6.15757812e+02, 1.14318567e+03, 5.01916992e+02,
       9.02524048e+02, 5.01342010e+02, 6.63121216e+02, 5.01830841e+02,
       1.26651526e+03, 3.85324524e+02, 1.02231543e+03, 3.85308350e+02,
       7.80687683e+02, 3.85379608e+02 ]
   - [ 1.26297693e+03, 8.32492004e+02, 1.02420715e+03, 8.30046692e+02,
       7.87593201e+02, 8.29560669e+02, 1.14330286e+03, 7.17367554e+02,
       9.04490967e+02, 7.16283325e+02, 6.66630676e+02, 7.16773438e+02,
       1.26479956e+03, 6.03456360e+02, 1.02300592e+03, 6.02146240e+02,
       7.83653687e+02, 6.02025818e+02, 1.14389709e+03, 4.86542938e+02,
       9.01903137e+02, 4.86265289e+02, 6.60685059e+02, 4.86780365e+02,
       1.26801917e+03, 3.68290771e+02, 1.02228058e+03, 3.68530212e+02,
       7.79116516e+02, 3.68900421e+02 ]
   - [ 1.26519458e+03, 8.40217773e+02, 1.02441577e+03, 8.37863281e+02,
       7.85825195e+02, 8.37510986e+02, 1.14437805e+03, 7.23393494e+02,
       9.03731445e+02, 7.22621094e+02, 6.64043091e+02, 7.23229370e+02,
       1.26664136e+03, 6.07902527e+02, 1.02288287e+03, 6.06778931e+02,
       7.82076416e+02, 6.06790955e+02, 1.14475476e+03, 4.89600922e+02,
       9.01160706e+02, 4.89536407e+02, 6.58476379e+02, 4.90179718e+02,
       1.26942480e+03, 3.69928955e+02, 1.02223822e+03, 3.70370850e+02,
       7.77664795e+02, 3.70902496e+02 ]
   - [ 1.26731641e+03, 8.36433533e+02, 1.02476416e+03, 8.34302429e+02,
       7.84444275e+02, 8.34068542e+02, 1.14547803e+03, 7.18304321e+02,
       9.03240540e+02, 7.17493530e+02, 6.61900024e+02, 7.18392761e+02,
       1.26846289e+03, 6.01232239e+02, 1.02335004e+03, 6.00311279e+02,
       7.80816406e+02, 6.00508301e+02, 1.14566211e+03, 4.81725616e+02,
       9.00667419e+02, 4.81833130e+02, 6.56404358e+02, 4.82571655e+02,
       1.27101636e+03, 3.60676941e+02, 1.02243097e+03, 3.61358612e+02,
       7.76474792e+02, 3.62060608e+02 ]
   - [ 1.27073218e+03, 8.31190918e+02, 1.02648560e+03, 8.29229980e+02,
       7.84571289e+02, 8.29155945e+02, 1.14794775e+03, 7.11728149e+02,
       9.03932129e+02, 7.11362549e+02, 6.61324646e+02, 7.12109070e+02,
       1.27156763e+03, 5.93257996e+02, 1.02483875e+03, 5.92556763e+02,
       7.81050049e+02, 5.92922302e+02, 1.14801355e+03, 4.72614380e+02,
       9.01582581e+02, 4.72951050e+02, 6.56007446e+02, 4.73871765e+02,
       1.27386279e+03, 3.50233765e+02, 1.02397272e+03, 3.51191620e+02,
       7.76833191e+02, 3.52108826e+02 ]
   - [ 1.27315247e+03, 8.43673767e+02, 1.02709595e+03, 8.41908508e+02,
       7.83401550e+02, 8.41964172e+02, 1.14938086e+03, 7.22794495e+02,
       9.03928284e+02, 7.22471191e+02, 6.59465332e+02, 7.23484924e+02,
       1.27355615e+03, 6.02807495e+02, 1.02541345e+03, 6.02407532e+02,
       7.80080078e+02, 6.02867920e+02, 1.14909290e+03, 4.81044495e+02,
       9.01385681e+02, 4.81707916e+02, 6.54560059e+02, 4.82734955e+02,
       1.27534167e+03, 3.57485565e+02, 1.02436560e+03, 3.58806000e+02,
       7.76091248e+02, 3.59843750e+02 ]
   - [ 1.27542969e+03, 8.36358948e+02, 1.02787378e+03, 8.34706909e+02,
       7.82721497e+02, 8.34963684e+02, 1.15070251e+03, 7.14341187e+02,
       9.03790283e+02, 7.14301880e+02, 6.58174927e+02, 7.15406128e+02,
       1.27546875e+03, 5.93091980e+02, 1.02614771e+03, 5.92883545e+02,
       7.79354309e+02, 5.93565979e+02, 1.15022876e+03, 4.70504456e+02,
       9.01314453e+02, 4.71152985e+02, 6.53475952e+02, 4.72485077e+02,
       1.27700854e+03, 3.45861267e+02, 1.02494812e+03, 3.47283112e+02,
       7.75667725e+02, 3.48562134e+02 ]
   - [ 1.27798755e+03, 8.29211243e+02, 1.02898535e+03, 8.27818787e+02,
       7.82457581e+02, 8.28255920e+02, 1.15240796e+03, 7.06167480e+02,
       9.04185913e+02, 7.06345642e+02, 6.57364441e+02, 7.07481018e+02,
       1.27771277e+03, 5.83647095e+02, 1.02722302e+03, 5.83748169e+02,
       7.79440125e+02, 5.84662354e+02, 1.15173328e+03, 4.60204132e+02,
       9.01949158e+02, 4.61197327e+02, 6.52966919e+02, 4.62575684e+02,
       1.27895386e+03, 3.34396210e+02, 1.02590845e+03, 3.36199188e+02,
       7.75678955e+02, 3.37692017e+02 ]
   - [ 1.28088208e+03, 8.21698425e+02, 1.03058813e+03, 8.20602417e+02,
       7.82816345e+02, 8.21120361e+02, 1.15460303e+03, 6.97721802e+02,
       9.05400452e+02, 6.98014893e+02, 6.57256165e+02, 6.99411987e+02,
       1.28028003e+03, 5.74175659e+02, 1.02854370e+03, 5.74568298e+02,
       7.79954529e+02, 5.75561584e+02, 1.15373950e+03, 4.49999420e+02,
       9.02975769e+02, 4.51256195e+02, 6.53201965e+02, 4.52713806e+02,
       1.28122839e+03, 3.23329681e+02, 1.02736841e+03, 3.25420410e+02,
       7.76346680e+02, 3.27058319e+02 ]
   - [ 1.28330457e+03, 8.15768555e+02, 1.03175378e+03, 8.14828308e+02,
       7.82806030e+02, 8.15558838e+02, 1.15622009e+03, 6.90896912e+02,
       9.05753723e+02, 6.91481018e+02, 6.56791199e+02, 6.92958191e+02,
       1.28234399e+03, 5.66259827e+02, 1.02963916e+03, 5.66956543e+02,
       7.80119995e+02, 5.68161743e+02, 1.15517065e+03, 4.41548187e+02,
       9.03454834e+02, 4.43018066e+02, 6.52907471e+02, 4.44598633e+02,
       1.28289758e+03, 3.13956482e+02, 1.02835693e+03, 3.16383728e+02,
       7.76664307e+02, 3.18246765e+02 ]
   - [ 1.28546838e+03, 8.08636353e+02, 1.03281982e+03, 8.08009949e+02,
       7.82812195e+02, 8.08879333e+02, 1.15770520e+03, 6.83057434e+02,
       9.06525574e+02, 6.83797546e+02, 6.56395142e+02, 6.85494751e+02,
       1.28411792e+03, 5.57597168e+02, 1.03055444e+03, 5.58496643e+02,
       7.80264282e+02, 5.59951721e+02, 1.15646631e+03, 4.32264618e+02,
       9.04012451e+02, 4.33994415e+02, 6.52940552e+02, 4.35808350e+02,
       1.28437439e+03, 3.04066620e+02, 1.02922046e+03, 3.06726532e+02,
       7.76965332e+02, 3.08799561e+02 ]
   - [ 1.28699792e+03, 8.03195923e+02, 1.03336426e+03, 8.02692566e+02,
       7.82462463e+02, 8.03841431e+02, 1.15864050e+03, 6.76977661e+02,
       9.06648132e+02, 6.77903687e+02, 6.55781311e+02, 6.79777283e+02,
       1.28530200e+03, 5.50693298e+02, 1.03109192e+03, 5.51938232e+02,
       7.80114197e+02, 5.53568054e+02, 1.15710913e+03, 4.25115509e+02,
       9.04243286e+02, 4.27081055e+02, 6.52610168e+02, 4.28987000e+02,
       1.28519043e+03, 2.96322998e+02, 1.02963501e+03, 2.99263184e+02,
       7.77000610e+02, 3.01527252e+02 ]
   - [ 1.28790857e+03, 7.98299622e+02, 1.03343250e+03, 7.98074707e+02,
       7.81723999e+02, 7.99405640e+02, 1.15905676e+03, 6.71731689e+02,
       9.06114441e+02, 6.72898315e+02, 6.54825195e+02, 6.74748291e+02,
       1.28583276e+03, 5.44674377e+02, 1.03124292e+03, 5.46149536e+02,
       7.79555176e+02, 5.47995850e+02, 1.15725684e+03, 4.18803894e+02,
       9.03983643e+02, 4.21007996e+02, 6.51887634e+02, 4.23093750e+02,
