%YAML:1.0
cameraMatrix: !!opencv-matrix
   rows: 3
   cols: 3
   dt: d
   data: [ 1.8962318015041624e+03, 0., 1.0070805775075221e+03, 0.,
       1.9002615914077405e+03, 5.8841560792355949e+02, 0., 0., 1. ]
imageSize_width: 1920
imageSize_height: 1080
sensorSize_width: 0
sensorSize_height: 0
distCoeffs: !!opencv-matrix
   rows: 5
   cols: 1
   dt: d
   data: [ -3.1626666126160696e-01, 8.1297472305651075e-01,
       -1.0981655258298134e-03, 4.3872077783712102e-04,
       -1.3944331861094674e+00 ]
reprojectionError: 3.6874243617057800e-01
features:
   - [ 1.15397375e+03, 6.64757935e+02, 9.70505371e+02, 6.70024963e+02,
       7.91944214e+02, 6.74665955e+02, 1.06063257e+03, 5.76982483e+02,
       8.80261475e+02, 5.82497253e+02, 7.05653320e+02, 5.88367981e+02,
       1.14912610e+03, 4.84058594e+02, 9.68449707e+02, 4.90630798e+02,
       7.91973694e+02, 4.97230377e+02, 1.05683289e+03, 3.99517120e+02,
       8.79410583e+02, 4.06628632e+02, 7.07894653e+02, 4.15166443e+02,
       1.14346973e+03, 3.10109589e+02, 9.66174683e+02, 3.17026581e+02,
       7.92959045e+02, 3.25580841e+02 ]
   - [ 1.21584924e+03, 6.90440857e+02, 1.02205280e+03, 6.95359070e+02,
       8.32989685e+02, 6.99759583e+02, 1.11721838e+03, 5.97493591e+02,
       9.26655823e+02, 6.02796814e+02, 7.41836365e+02, 6.08373474e+02,
       1.21046655e+03, 4.99942780e+02, 1.01989532e+03, 5.06112457e+02,
       8.33417847e+02, 5.12597534e+02, 1.11303674e+03, 4.10622559e+02,
       9.25855164e+02, 4.17533997e+02, 7.44585693e+02, 4.26110870e+02,
       1.20398694e+03, 3.17226379e+02, 1.01737390e+03, 3.23659637e+02,
       8.34607544e+02, 3.32114777e+02 ]
   - [ 1.23972156e+03, 6.62540527e+02, 1.03780920e+03, 6.67873657e+02,
       8.40826050e+02, 6.72810791e+02, 1.13669617e+03, 5.66037720e+02,
       9.38216125e+02, 5.71811890e+02, 7.45737793e+02, 5.77968628e+02,
       1.23340173e+03, 4.64605774e+02, 1.03507190e+03, 4.71226135e+02,
       8.40854370e+02, 4.78256775e+02, 1.13175549e+03, 3.71997528e+02,
       9.36919312e+02, 3.79359619e+02, 7.48343994e+02, 3.88738220e+02,
       1.22610803e+03, 2.75179321e+02, 1.03192371e+03, 2.81897278e+02,
       8.41831177e+02, 2.90974915e+02 ]
   - [ 1.28403821e+03, 6.65481995e+02, 1.08467322e+03, 6.72108032e+02,
       8.89764648e+02, 6.78302429e+02, 1.18166064e+03, 5.70740356e+02,
       9.85453247e+02, 5.77786621e+02, 7.94779419e+02, 5.85089172e+02,
       1.27636682e+03, 4.69667664e+02, 1.08032751e+03, 4.77643372e+02,
       8.88248169e+02, 4.85826569e+02, 1.17506238e+03, 3.78751129e+02,
       9.82544861e+02, 3.87353882e+02, 7.95585815e+02, 3.97694489e+02,
       1.26731311e+03, 2.82064270e+02, 1.07553516e+03, 2.90128937e+02,
       8.87300720e+02, 3.00346527e+02 ]
   - [ 1.27210535e+03, 7.99048340e+02, 1.07931982e+03, 7.58030151e+02,
       8.92774170e+02, 7.17803406e+02, 1.19658850e+03, 6.83319397e+02,
       1.00744611e+03, 6.44019409e+02, 8.25154724e+02, 6.06295410e+02,
       1.31214075e+03, 6.07932922e+02, 1.12197632e+03, 5.69809753e+02,
       9.36992615e+02, 5.32976318e+02, 1.23656250e+03, 4.96256805e+02,
       1.05002356e+03, 4.60044250e+02, 8.70219727e+02, 4.26997589e+02,
       1.34887219e+03, 4.23771912e+02, 1.16214160e+03, 3.87608002e+02,
       9.80093201e+02, 3.54394958e+02 ]
   - [ 1.26135278e+03, 6.87466675e+02, 1.05951428e+03, 6.62526245e+02,
       8.63417175e+02, 6.37931335e+02, 1.17322791e+03, 5.75777588e+02,
       9.74983032e+02, 5.52024536e+02, 7.83406067e+02, 5.29607300e+02,
       1.28502185e+03, 4.88815063e+02, 1.08626550e+03, 4.66141357e+02,
       8.92310852e+02, 4.44420868e+02, 1.19745337e+03, 3.81130249e+02,
       1.00238275e+03, 3.60031830e+02, 8.13922241e+02, 3.41714630e+02,
       1.30613562e+03, 2.98133209e+02, 1.11137378e+03, 2.76544678e+02,
       9.20917908e+02, 2.57996826e+02 ]
   - [ 1.24468201e+03, 6.21418030e+02, 1.04072974e+03, 6.60241089e+02,
       8.39700378e+02, 6.98078735e+02, 1.12402979e+03, 5.40854736e+02,
       9.22701172e+02, 5.79171021e+02, 7.25795471e+02, 6.17222351e+02,
       1.20481885e+03, 4.22894989e+02, 1.00473309e+03, 4.61451874e+02,
       8.07141418e+02, 4.99966827e+02, 1.08631458e+03, 3.45729980e+02,
       8.89173401e+02, 3.84170715e+02, 6.96821777e+02, 4.23939911e+02,
       1.16522156e+03, 2.33493698e+02, 9.69778076e+02, 2.70492981e+02,
       7.76840698e+02, 3.09670349e+02 ]
   - [ 1.25409167e+03, 6.47075623e+02, 1.04854138e+03, 7.16946655e+02,
       8.43665405e+02, 7.85794128e+02, 1.11722913e+03, 5.81470825e+02,
       9.13460938e+02, 6.49992737e+02, 7.12197693e+02, 7.18065063e+02,
       1.18296924e+03, 4.48771210e+02, 9.81749878e+02, 5.16493835e+02,
       7.80982666e+02, 5.84451050e+02, 1.04920068e+03, 3.86246765e+02,
       8.50199036e+02, 4.53145905e+02, 6.54435181e+02, 5.21412415e+02,
       1.11379346e+03, 2.60916046e+02, 9.17548279e+02, 3.25290497e+02,
       7.22294495e+02, 3.92125519e+02 ]
   - [ 1.23407605e+03, 6.46944397e+02, 1.00667639e+03, 6.79658264e+02,
       7.83255310e+02, 7.11176208e+02, 1.10498535e+03, 5.52063721e+02,
       8.81142761e+02, 5.84341919e+02, 6.63177734e+02, 6.16501099e+02,
       1.20002344e+03, 4.26396393e+02, 9.77780457e+02, 4.58990814e+02,
       7.58842834e+02, 4.91882324e+02, 1.07362634e+03, 3.36365295e+02,
       8.55204224e+02, 3.68927002e+02, 6.42699219e+02, 4.03417114e+02,
       1.16592834e+03, 2.17824341e+02, 9.49736084e+02, 2.48840668e+02,
       7.36721252e+02, 2.83003662e+02 ]
   - [ 1.43916821e+03, 7.07786743e+02, 1.23424292e+03, 7.17178833e+02,
       1.03950195e+03, 7.25727417e+02, 1.33343713e+03, 6.11330750e+02,
       1.13474915e+03, 6.22262817e+02, 9.46927246e+02, 6.33067688e+02,
       1.43091541e+03, 5.04723938e+02, 1.23030261e+03, 5.18146179e+02,
       1.03864502e+03, 5.31285278e+02, 1.32638245e+03, 4.14232819e+02,
       1.13212891e+03, 4.29271240e+02, 9.48422546e+02, 4.45507141e+02,
       1.42106665e+03, 3.11707672e+02, 1.22515295e+03, 3.27627289e+02,
       1.03801929e+03, 3.45108459e+02 ]
   - [ 1.55951587e+03, 8.23668274e+02, 1.39721094e+03, 8.22954590e+02,
       1.23369495e+03, 8.21428589e+02, 1.47832227e+03, 7.41875244e+02,
       1.31652698e+03, 7.40563049e+02, 1.15375330e+03, 7.39002197e+02,
       1.55728040e+03, 6.61210205e+02, 1.39719897e+03, 6.60256409e+02,
       1.23578406e+03, 6.58610840e+02, 1.47659814e+03, 5.80637451e+02,
       1.31696790e+03, 5.79292908e+02, 1.15639148e+03, 5.78389771e+02,
       1.55316699e+03, 5.02848785e+02, 1.39589844e+03, 5.00882568e+02,
       1.23687805e+03, 4.99585876e+02 ]
   - [ 1.29601685e+03, 7.39705811e+02, 1.17805640e+03, 7.34424133e+02,
       1.05866980e+03, 7.28767151e+02, 1.23956091e+03, 6.77704651e+02,
       1.12149390e+03, 6.71944519e+02, 1.00212384e+03, 6.65958313e+02,
       1.29992126e+03, 6.21400574e+02, 1.18290247e+03, 6.15525391e+02,
       1.06457324e+03, 6.09270203e+02, 1.24371594e+03, 5.59841797e+02,
       1.12659009e+03, 5.53468750e+02, 1.00822626e+03, 5.47558533e+02,
       1.30284424e+03, 5.05180084e+02, 1.18722986e+03, 4.98259979e+02,
       1.07020520e+03, 4.91928314e+02 ]
   - [ 1.26837659e+03, 6.93759155e+02, 1.15519360e+03, 6.91016052e+02,
       1.04088159e+03, 6.88177856e+02, 1.21293738e+03, 6.35506409e+02,
       1.09967554e+03, 6.32487671e+02, 9.85401367e+02, 6.29515259e+02,
       1.26957410e+03, 5.80412659e+02, 1.15722131e+03, 5.77153809e+02,
       1.04385669e+03, 5.73920288e+02, 1.21437988e+03, 5.22641418e+02,
       1.10204663e+03, 5.19297119e+02, 9.88648132e+02, 5.16240295e+02,
       1.26991187e+03, 4.69150604e+02, 1.15890430e+03, 4.65012695e+02,
       1.04666565e+03, 4.61573151e+02 ]
   - [ 1.41474036e+03, 6.91066956e+02, 1.29535754e+03, 6.90321228e+02,
       1.17472522e+03, 6.89221252e+02, 1.35502844e+03, 6.30726501e+02,
       1.23567102e+03, 6.29422913e+02, 1.11491577e+03, 6.28248474e+02,
       1.41325891e+03, 5.71708191e+02, 1.29502747e+03, 5.70276184e+02,
       1.17526672e+03, 5.68856689e+02, 1.35386646e+03, 5.11588623e+02,
       1.23545190e+03, 5.09956909e+02, 1.11585071e+03, 5.08765747e+02,
