%YAML:1.0
cameraMatrix: !!opencv-matrix
   rows: 3
   cols: 3
   dt: d
   data: [ 1.4211051636559284e+03, 0., 9.4391254423339626e+02, 0.,
       1.4200181801164752e+03, 5.4184876102517194e+02, 0., 0., 1. ]
imageSize_width: 1920
imageSize_height: 1080
sensorSize_width: 0
sensorSize_height: 0
distCoeffs: !!opencv-matrix
   rows: 5
   cols: 1
   dt: d
   data: [ 3.5739549762010658e-02, -3.8709798010659519e-02,
       -2.1758793183858125e-04, 4.5686448471647927e-04,
       2.8180266921962066e-01 ]
reprojectionError: 1.4729706943035126e-01
features:
   - [ 8.87589172e+02, 7.97864563e+02, 9.54664185e+02, 7.96864685e+02,
       1.02162653e+03, 7.95871399e+02, 9.21381409e+02, 8.31460083e+02,
       9.88547241e+02, 8.30291687e+02, 1.05556567e+03, 8.29338135e+02,
       8.88010986e+02, 8.66371521e+02, 9.55336792e+02, 8.65146423e+02,
       1.02264990e+03, 8.63930176e+02, 9.21923584e+02, 9.00261536e+02,
       9.89535645e+02, 8.98985901e+02, 1.05688123e+03, 8.97685730e+02,
       8.88493530e+02, 9.35645630e+02, 9.56148621e+02, 9.34330994e+02,
       1.02386041e+03, 9.32944153e+02 ]
   - [ 8.72877686e+02, 8.10795776e+02, 9.50476685e+02, 8.09562622e+02,
       1.02785718e+03, 8.08492493e+02, 9.11880737e+02, 8.49654480e+02,
       9.89640808e+02, 8.48318298e+02, 1.06718604e+03, 8.47277893e+02,
       8.73228149e+02, 8.90157837e+02, 9.51180481e+02, 8.88687439e+02,
       1.02908826e+03, 8.87363586e+02, 9.12510681e+02, 9.29450317e+02,
       9.90686340e+02, 9.27997681e+02, 1.06874915e+03, 9.26655457e+02,
       8.73649414e+02, 9.70627625e+02, 9.52143738e+02, 9.69093018e+02,
       1.03044934e+03, 9.67519409e+02 ]
   - [ 8.83372864e+02, 8.16082092e+02, 9.61046448e+02, 8.14904358e+02,
       1.03852197e+03, 8.13835632e+02, 9.22431396e+02, 8.55015930e+02,
       1.00026355e+03, 8.53750244e+02, 1.07793750e+03, 8.52755981e+02,
       8.83778748e+02, 8.95539917e+02, 9.61807983e+02, 8.94098877e+02,
       1.03982446e+03, 8.92921509e+02, 9.23128418e+02, 9.34962708e+02,
       1.00143616e+03, 9.33595276e+02, 1.07958447e+03, 9.32343628e+02,
       8.84241028e+02, 9.76239319e+02, 9.62822815e+02, 9.74683044e+02,
       1.04127100e+03, 9.73280151e+02 ]
   - [ 9.21500366e+02, 5.10518463e+02, 9.99026245e+02, 5.09153900e+02,
       1.07584973e+03, 5.07533142e+02, 9.62023682e+02, 5.47921753e+02,
       1.03956799e+03, 5.45903137e+02, 1.11657996e+03, 5.44384766e+02,
       9.24487732e+02, 5.86878906e+02, 1.00288379e+03, 5.85479065e+02,
       1.08060168e+03, 5.83486267e+02, 9.65496582e+02, 6.25136597e+02,
       1.04420593e+03, 6.23449097e+02, 1.12222119e+03, 6.20961670e+02,
       9.27647095e+02, 6.65735840e+02, 1.00709448e+03, 6.63505249e+02,
       1.08594263e+03, 6.61297729e+02 ]
   - [ 9.00893188e+02, 4.82478302e+02, 9.77402710e+02, 4.82589691e+02,
       1.05373767e+03, 4.82618805e+02, 9.39438293e+02, 5.19663940e+02,
       1.01630469e+03, 5.19730652e+02, 1.09299231e+03, 5.19545227e+02,
       9.01043274e+02, 5.57261658e+02, 9.78523132e+02, 5.57095276e+02,
       1.05588940e+03, 5.56903870e+02, 9.40080505e+02, 5.95259827e+02,
       1.01812195e+03, 5.95015442e+02, 1.09595776e+03, 5.94787537e+02,
       9.01344666e+02, 6.33669556e+02, 9.79805786e+02, 6.33712097e+02,
       1.05825342e+03, 6.33362610e+02 ]
   - [ 8.84754028e+02, 4.98694305e+02, 9.61136169e+02, 5.00492798e+02,
       1.03757886e+03, 5.02250458e+02, 9.21710632e+02, 5.37023743e+02,
       9.98613770e+02, 5.38771912e+02, 1.07559717e+03, 5.40452698e+02,
       8.82282654e+02, 5.74101624e+02, 9.59339233e+02, 5.75890442e+02,
       1.03667969e+03, 5.77519592e+02, 9.19690735e+02, 6.13065613e+02,
       9.97400513e+02, 6.14868408e+02, 1.07522742e+03, 6.16533752e+02,
       8.79896179e+02, 6.50742371e+02, 9.57710815e+02, 6.52660889e+02,
       1.03590698e+03, 6.54460510e+02 ]
   - [ 8.66759827e+02, 5.01780182e+02, 9.46217285e+02, 5.00247711e+02,
       1.02579407e+03, 4.98389374e+02, 9.06954102e+02, 5.40422302e+02,
       9.86899902e+02, 5.38566589e+02, 1.06675439e+03, 5.36696106e+02,
       8.67795837e+02, 5.80926575e+02, 9.47598145e+02, 5.79061035e+02,
       1.02795679e+03, 5.77409363e+02, 9.08304626e+02, 6.20170471e+02,
       9.88747192e+02, 6.18438965e+02, 1.06929980e+03, 6.16543457e+02,
       8.69015564e+02, 6.61220276e+02, 9.49448181e+02, 6.59538696e+02,
       1.03025879e+03, 6.57698059e+02 ]
   - [ 9.74473877e+02, 3.85171631e+02, 1.06001221e+03, 3.94645538e+02,
       1.14264441e+03, 4.03673523e+02, 1.01658759e+03, 4.34907684e+02,
       1.10105286e+03, 4.43340088e+02, 1.18289807e+03, 4.51388123e+02,
       9.72288208e+02, 4.76483368e+02, 1.05856836e+03, 4.84336884e+02,
       1.14205029e+03, 4.91566681e+02, 1.01504718e+03, 5.26370239e+02,
       1.10030322e+03, 5.32863525e+02, 1.18274670e+03, 5.38997131e+02,
       9.70485291e+02, 5.69581909e+02, 1.05766553e+03, 5.75560425e+02,
       1.14187415e+03, 5.80856384e+02 ]
   - [ 9.03185364e+02, 3.84416840e+02, 9.82243530e+02, 3.79370636e+02,
       1.06572424e+03, 3.73944519e+02, 9.39630188e+02, 4.24918121e+02,
       1.02123303e+03, 4.20801819e+02, 1.10732825e+03, 4.16380554e+02,
       8.97787354e+02, 4.69349091e+02, 9.77427979e+02, 4.66780151e+02,
       1.06159497e+03, 4.63813324e+02, 9.34367371e+02, 5.11702301e+02,
       1.01659888e+03, 5.10230713e+02, 1.10336597e+03, 5.08300568e+02,
       8.92196655e+02, 5.55725525e+02, 9.72356262e+02, 5.55584412e+02,
       1.05725610e+03, 5.55144836e+02 ]
   - [ 9.26365234e+02, 2.86848083e+02, 9.98217651e+02, 2.73667114e+02,
       1.07544153e+03, 2.58452209e+02, 9.51346802e+02, 3.14663177e+02,
       1.02645642e+03, 3.01864105e+02, 1.10721472e+03, 2.86769806e+02,
       9.04491028e+02, 3.55557159e+02, 9.77781860e+02, 3.44497803e+02,
       1.05649756e+03, 3.31366150e+02, 9.29328735e+02, 3.86462677e+02,
       1.00618475e+03, 3.75190155e+02, 1.08845752e+03, 3.63054199e+02,
       8.81330627e+02, 4.27737366e+02, 9.55886047e+02, 4.18555298e+02,
       1.03608813e+03, 4.08487549e+02 ]
   - [ 9.52234619e+02, 2.64014740e+02, 1.03629907e+03, 2.57359772e+02,
       1.12477405e+03, 2.49542984e+02, 9.84032715e+02, 2.91965485e+02,
       1.07165979e+03, 2.85531769e+02, 1.16382812e+03, 2.77844879e+02,
       9.31271484e+02, 3.26715668e+02, 1.01784155e+03, 3.21610107e+02,
       1.10931274e+03, 3.15178162e+02, 9.63365784e+02, 3.57655487e+02,
       1.05410022e+03, 3.52662231e+02, 1.14942163e+03, 3.46525757e+02,
       9.08350586e+02, 3.94140015e+02, 9.97918640e+02, 3.90363251e+02,
       1.09231519e+03, 3.85605530e+02 ]
   - [ 9.40933105e+02, 4.02881958e+02, 1.02766846e+03, 4.20937073e+02,
       1.11487378e+03, 4.39616180e+02, 9.75035034e+02, 4.55001007e+02,
       1.06153430e+03, 4.73474457e+02, 1.14854297e+03, 4.92293823e+02,
       9.23250488e+02, 4.88768677e+02, 1.00890594e+03, 5.06912842e+02,
       1.09525464e+03, 5.25652161e+02, 9.57068237e+02, 5.40447021e+02,
       1.04271704e+03, 5.58642761e+02, 1.12880713e+03, 5.77098572e+02,
       9.05960938e+02, 5.73351624e+02, 9.90719910e+02, 5.91785278e+02,
       1.07624548e+03, 6.10225098e+02 ]
   - [ 9.22039673e+02, 4.47749817e+02, 1.00220117e+03, 4.69732788e+02,
       1.08083386e+03, 4.91516266e+02, 9.50027039e+02, 4.98391754e+02,
       1.02912842e+03, 5.19651367e+02, 1.10663635e+03, 5.40780884e+02,
       8.98314087e+02, 5.27209229e+02, 9.77539612e+02, 5.47993958e+02,
       1.05546631e+03, 5.68547729e+02, 9.26237366e+02, 5.76298340e+02,
       1.00447290e+03, 5.96463989e+02, 1.08142065e+03, 6.16403015e+02,
       8.75380920e+02, 6.04548279e+02, 9.53802795e+02, 6.24431458e+02,
       1.03091553e+03, 6.43971313e+02 ]
   - [ 1.07239954e+03, 4.47998657e+01, 1.19246069e+03, 4.31864662e+01,
       1.31865356e+03, 4.09827080e+01, 1.12629700e+03, 1.04233208e+02,
       1.24922424e+03, 1.03859787e+02, 1.37844824e+03, 1.02509361e+02,
       1.06197449e+03, 1.63465622e+02, 1.18173596e+03, 1.64862411e+02,
       1.30746924e+03, 1.65360794e+02, 1.11589319e+03, 2.23918015e+02,
       1.23832117e+03, 2.26333435e+02, 1.36708423e+03, 2.28311050e+02,
