%YAML:1.0
cameraMatrix: !!opencv-matrix
   rows: 3
   cols: 3
   dt: d
   data: [ 2.1074815856255727e+03, 0., 9.4839188819017704e+02, 0.,
       2.1081884650865268e+03, 5.6213117336871164e+02, 0., 0., 1. ]
imageSize_width: 1920
imageSize_height: 1080
sensorSize_width: 0
sensorSize_height: 0
distCoeffs: !!opencv-matrix
   rows: 5
   cols: 1
   dt: d
   data: [ 1.4343074447706547e-01, 1.0874268555980779e+00,
       -1.1797692254834927e-04, 2.2909112574314582e-03,
       -4.4813989309347049e+00 ]
reprojectionError: 5.5643964558839798e-02
features:
   - [ 5.72552185e+02, 9.75949341e+02, 4.92171082e+02, 9.78484192e+02,
       4.10656067e+02, 9.81251770e+02, 5.33863342e+02, 9.36545837e+02,
       4.53276184e+02, 9.39045898e+02, 3.71581787e+02, 9.41750854e+02,
       5.74689941e+02, 8.95316895e+02, 4.95094086e+02, 8.97529663e+02,
       4.14385345e+02, 8.99939819e+02, 5.36170410e+02, 8.56518982e+02,
       4.56358459e+02, 8.58639343e+02, 3.75470947e+02, 8.61042480e+02,
       5.76517273e+02, 8.16248962e+02, 4.97571106e+02, 8.18067810e+02,
       4.17646698e+02, 8.20124695e+02 ]
   - [ 5.72549500e+02, 9.75983887e+02, 4.92133881e+02, 9.78518677e+02,
       4.10650879e+02, 9.81280884e+02, 5.33838318e+02, 9.36597595e+02,
       4.53275238e+02, 9.39054443e+02, 3.71597534e+02, 9.41752380e+02,
       5.74681213e+02, 8.95324341e+02, 4.95063293e+02, 8.97533508e+02,
       4.14383514e+02, 8.99927612e+02, 5.36140259e+02, 8.56527405e+02,
       4.56332153e+02, 8.58659119e+02, 3.75473816e+02, 8.61037292e+02,
       5.76516846e+02, 8.16271240e+02, 4.97550446e+02, 8.18057312e+02,
       4.17646973e+02, 8.20124084e+02 ]
   - [ 1.04545740e+03, 9.63242126e+02, 9.62658020e+02, 9.64952454e+02,
       8.79891907e+02, 9.66672974e+02, 1.00297083e+03, 9.21544739e+02,
       9.20502930e+02, 9.23291626e+02, 8.38166504e+02, 9.25150085e+02,
       1.04281873e+03, 8.78807922e+02, 9.60816406e+02, 8.80490356e+02,
       8.78762268e+02, 8.82213013e+02, 1.00072290e+03, 8.38008362e+02,
       9.19064270e+02, 8.39634827e+02, 8.37401123e+02, 8.41587708e+02,
       1.04014636e+03, 7.96044739e+02, 9.58969849e+02, 7.97596436e+02,
       8.77678955e+02, 7.99391235e+02 ]
   - [ 1.52357776e+03, 9.62827087e+02, 1.43899121e+03, 9.62580688e+02,
       1.35527966e+03, 9.62412720e+02, 1.47791516e+03, 9.20283569e+02,
       1.39412842e+03, 9.20204407e+02, 1.31138220e+03, 9.20354187e+02,
       1.51669104e+03, 8.78429382e+02, 1.43290979e+03, 8.78423523e+02,
       1.35003918e+03, 8.78536377e+02, 1.47162659e+03, 8.36931458e+02,
       1.38867859e+03, 8.37062317e+02, 1.30665637e+03, 8.37455994e+02,
       1.51027026e+03, 7.95779236e+02, 1.42732471e+03, 7.95988770e+02,
       1.34525171e+03, 7.96411377e+02 ]
   - [ 1.52356348e+03, 9.62935364e+02, 1.43898962e+03, 9.62616760e+02,
       1.35528809e+03, 9.62448853e+02, 1.47789966e+03, 9.20380432e+02,
       1.39414856e+03, 9.20264221e+02, 1.31140686e+03, 9.20356995e+02,
       1.51671301e+03, 8.78519653e+02, 1.43293127e+03, 8.78495422e+02,
       1.35005225e+03, 8.78547791e+02, 1.47164795e+03, 8.36985962e+02,
       1.38872205e+03, 8.37113403e+02, 1.30667798e+03, 8.37516174e+02,
       1.51030054e+03, 7.95885559e+02, 1.42737329e+03, 7.96035400e+02,
       1.34527698e+03, 7.96484192e+02 ]
   - [ 1.52356262e+03, 9.62935608e+02, 1.43894629e+03, 9.62615662e+02,
       1.35525574e+03, 9.62466553e+02, 1.47787708e+03, 9.20379761e+02,
       1.39408948e+03, 9.20307922e+02, 1.31138586e+03, 9.20418213e+02,
       1.51669226e+03, 8.78506042e+02, 1.43287976e+03, 8.78506042e+02,
       1.35003564e+03, 8.78611511e+02, 1.47158960e+03, 8.36979492e+02,
       1.38867957e+03, 8.37125854e+02, 1.30665344e+03, 8.37549622e+02,
       1.51027454e+03, 7.95884216e+02, 1.42730457e+03, 7.96067444e+02,
       1.34522498e+03, 7.96490601e+02 ]
   - [ 1.52257446e+03, 9.65369385e+02, 1.43797095e+03, 9.65012207e+02,
       1.35428064e+03, 9.64844788e+02, 1.47687781e+03, 9.22766907e+02,
       1.39310181e+03, 9.22681091e+02, 1.31038770e+03, 9.22773010e+02,
       1.51565686e+03, 8.80865234e+02, 1.43188855e+03, 8.80849243e+02,
       1.34903247e+03, 8.80929504e+02, 1.47058020e+03, 8.39315552e+02,
       1.38767139e+03, 8.39422546e+02, 1.30565417e+03, 8.39885132e+02,
       1.50920349e+03, 7.98272705e+02, 1.42627942e+03, 7.98437439e+02,
       1.34423145e+03, 7.98824341e+02 ]
   - [ 1.49185095e+03, 5.40179504e+02, 1.41379834e+03, 5.43336792e+02,
       1.33652649e+03, 5.46363586e+02, 1.45123254e+03, 5.03652924e+02,
       1.37350537e+03, 5.06879150e+02, 1.29673523e+03, 5.10035522e+02,
       1.48889905e+03, 4.63872437e+02, 1.41078162e+03, 4.67242371e+02,
       1.33352222e+03, 4.70513824e+02, 1.44833459e+03, 4.27431091e+02,
       1.37065222e+03, 4.30832092e+02, 1.29376514e+03, 4.34286957e+02,
       1.48620691e+03, 3.87496246e+02, 1.40806506e+03, 3.91044403e+02,
       1.33083069e+03, 3.94556366e+02 ]
   - [ 1.02877454e+03, 5.61996948e+02, 9.52143616e+02, 5.63520020e+02,
       8.75572144e+02, 5.64941650e+02, 9.89530701e+02, 5.26113525e+02,
       9.13217163e+02, 5.27568542e+02, 8.36999695e+02, 5.28942749e+02,
       1.02649353e+03, 4.88921875e+02, 9.50572449e+02, 4.90526764e+02,
       8.74657043e+02, 4.91876648e+02, 9.87587158e+02, 4.53625732e+02,
       9.12024963e+02, 4.55112885e+02, 8.36446838e+02, 4.56564697e+02,
       1.02416821e+03, 4.17186188e+02, 9.49025085e+02, 4.18671875e+02,
       8.73777039e+02, 4.20119781e+02 ]
   - [ 5.80612610e+02, 6.10708679e+02, 5.04526367e+02, 6.11986877e+02,
       4.27446625e+02, 6.13185181e+02, 5.43489624e+02, 5.74878662e+02,
       4.67209076e+02, 5.75981384e+02, 3.89902710e+02, 5.76899780e+02,
       5.81769165e+02, 5.38046143e+02, 5.06307861e+02, 5.39044861e+02,
       4.29804321e+02, 5.39948486e+02, 5.44785034e+02, 5.02584442e+02,
       4.69112488e+02, 5.03274841e+02, 3.92387421e+02, 5.03990051e+02,
       5.82679199e+02, 4.66379517e+02, 5.07721344e+02, 4.66985657e+02,
       4.31838654e+02, 4.67557343e+02 ]
   - [ 5.67248535e+02, 6.55849792e+02, 4.89870056e+02, 6.57412659e+02,
       4.11471985e+02, 6.58919678e+02, 5.29143799e+02, 6.18830078e+02,
       4.51439117e+02, 6.20230469e+02, 3.72715576e+02, 6.21612549e+02,
       5.67758240e+02, 5.80581604e+02, 4.90839630e+02, 5.81866272e+02,
       4.12848633e+02, 5.83047180e+02, 5.29675598e+02, 5.43738159e+02,
       4.52401855e+02, 5.44809265e+02, 3.74075256e+02, 5.45909546e+02,
       5.68016296e+02, 5.05974335e+02, 4.91406891e+02, 5.06804016e+02,
       4.13844208e+02, 5.07808838e+02 ]
   - [ 5.61105225e+02, 7.39912292e+02, 4.81531036e+02, 7.40863647e+02,
       4.00828125e+02, 7.41983826e+02, 5.22318909e+02, 7.01233704e+02,
       4.42382050e+02, 7.02098022e+02, 3.61326782e+02, 7.03060242e+02,
       5.62475891e+02, 6.61965393e+02, 4.83365326e+02, 6.62624390e+02,
       4.03033813e+02, 6.63423035e+02, 5.23735657e+02, 6.23568237e+02,
       4.44172913e+02, 6.24016663e+02, 3.63550751e+02, 6.24632263e+02,
       5.63588867e+02, 5.84683044e+02, 4.84768524e+02, 5.85004456e+02,
       4.04907471e+02, 5.85493652e+02 ]
   - [ 1.03767285e+03, 7.70606384e+02, 9.54466797e+02, 7.71709045e+02,
       8.71493896e+02, 7.72971680e+02, 9.95384399e+02, 7.29316345e+02,
       9.12417419e+02, 7.30629883e+02, 8.29741272e+02, 7.31893066e+02,
       1.03598853e+03, 6.87135681e+02, 9.53257935e+02, 6.88447754e+02,
       8.70614624e+02, 6.89688232e+02, 9.93908691e+02, 6.46449951e+02,
       9.11393311e+02, 6.47697754e+02, 8.29049622e+02, 6.49106934e+02,
       1.03430725e+03, 6.04639282e+02, 9.51981934e+02, 6.05899841e+02,
       8.69709900e+02, 6.07283142e+02 ]
   - [ 1.53342529e+03, 6.49892212e+02, 1.44915674e+03, 6.50317261e+02,
       1.36606812e+03, 6.50717102e+02, 1.49004016e+03, 6.09485901e+02,
       1.40638599e+03, 6.10098633e+02, 1.32411377e+03, 6.10737976e+02,
       1.53111060e+03, 5.68543762e+02, 1.44703516e+03, 5.69415222e+02,
       1.36417578e+03, 5.70138611e+02, 1.48795007e+03, 5.28563416e+02,
       1.40454517e+03, 5.29570129e+02, 1.32238977e+03, 5.30617798e+02,
