%YAML:1.0
cameraMatrix: !!opencv-matrix
   rows: 3
   cols: 3
   dt: d
   data: [ 2.3940107892791857e+03, 0., 1.0261779062533183e+03, 0.,
       2.4429889900934049e+03, 8.7913816304717113e+02, 0., 0., 1. ]
imageSize_width: 1920
imageSize_height: 1080
sensorSize_width: 0
sensorSize_height: 0
distCoeffs: !!opencv-matrix
   rows: 5
   cols: 1
   dt: d
   data: [ -2.7897434731391849e-02, -4.6770401805961370e-02,
       4.4576418562971919e-02, 8.0740631176329913e-03,
       3.2118873223625171e+00 ]
reprojectionError: 8.2758414745330811e-01
features:
   - [ 1.20269995e+03, 3.89018707e+02, 1.22384241e+03, 4.27266602e+02,
       1.24629297e+03, 4.66876038e+02, 1.26944861e+03, 5.08155151e+02,
       1.29371606e+03, 5.50650208e+02, 1.31901782e+03, 5.94667419e+02,
       1.34560388e+03, 6.40533508e+02, 1.14206726e+03, 3.98549713e+02,
       1.16273926e+03, 4.36819305e+02, 1.18385437e+03, 4.77067169e+02,
       1.20634546e+03, 5.18757324e+02, 1.22933606e+03, 5.61680908e+02,
       1.25346106e+03, 6.06567078e+02, 1.27885559e+03, 6.52908630e+02,
       1.08118274e+03, 4.08420410e+02, 1.10060449e+03, 4.46868378e+02,
       1.12101050e+03, 4.87342773e+02, 1.14200598e+03, 5.29269714e+02,
       1.16396594e+03, 5.72683777e+02, 1.18686023e+03, 6.18302368e+02,
       1.21083545e+03, 6.65529358e+02, 1.01961560e+03, 4.18230774e+02,
       1.03834937e+03, 4.56898041e+02, 1.05743237e+03, 4.97779449e+02,
       1.07747437e+03, 5.39970947e+02, 1.09828394e+03, 5.83744507e+02,
       1.11999255e+03, 6.29753784e+02, 1.14275427e+03, 6.78444275e+02,
       9.57747559e+02, 4.28304199e+02, 9.74976501e+02, 4.67467987e+02,
       9.93286011e+02, 5.08399384e+02, 1.01204773e+03, 5.51341614e+02,
       1.03169434e+03, 5.95760437e+02, 1.05227234e+03, 6.42712952e+02,
       1.07364319e+03, 6.91662842e+02, 8.94606628e+02, 4.39048553e+02,
       9.11085815e+02, 4.78375153e+02, 9.27942139e+02, 5.19883911e+02,
       9.45732422e+02, 5.63435608e+02, 9.64209717e+02, 6.08911072e+02,
       9.83514771e+02, 6.56512085e+02, 1.00359454e+03, 7.05662598e+02,
       8.31315430e+02, 4.50126923e+02, 8.46349609e+02, 4.90149506e+02,
       8.62262329e+02, 5.32302917e+02, 8.78722717e+02, 5.76153503e+02,
       8.95983887e+02, 6.22172485e+02, 9.13878174e+02, 6.70029541e+02,
       9.32721741e+02, 7.19725464e+02, 7.67025696e+02, 4.61541260e+02,
       7.81202393e+02, 5.02442688e+02, 7.95742737e+02, 5.45012634e+02,
       8.11026062e+02, 5.89540649e+02, 8.26968506e+02, 6.35439331e+02,
       8.43676270e+02, 6.83698059e+02, 8.60988770e+02, 7.34305176e+02,
       7.02535156e+02, 4.73254883e+02, 7.15335999e+02, 5.14535400e+02,
       7.28857178e+02, 5.57950867e+02, 7.42800415e+02, 6.03153687e+02,
       7.57382385e+02, 6.49795593e+02, 7.72623901e+02, 6.98539673e+02,
       7.88555847e+02, 7.49395081e+02, 6.37196960e+02, 4.84794220e+02,
       6.48959412e+02, 5.27242310e+02, 6.61198669e+02, 5.70803467e+02,
       6.73887024e+02, 6.16712585e+02, 6.87228516e+02, 6.63723694e+02,
       7.01066528e+02, 7.13218018e+02, 7.15405273e+02, 7.64472839e+02 ]
   - [ 1.37025403e+03, 4.48560394e+02, 1.35893909e+03, 4.89631439e+02,
       1.34747656e+03, 5.32634277e+02, 1.33556445e+03, 5.76982483e+02,
       1.32326221e+03, 6.23036926e+02, 1.31047681e+03, 6.70930786e+02,
       1.29747656e+03, 7.20592957e+02, 1.30485388e+03, 4.35033386e+02,
       1.29306091e+03, 4.75622528e+02, 1.28017725e+03, 5.18132629e+02,
       1.26718066e+03, 5.62321533e+02, 1.25358716e+03, 6.07674561e+02,
       1.23956946e+03, 6.55068909e+02, 1.22513660e+03, 7.04401611e+02,
       1.24044385e+03, 4.21948303e+02, 1.22710889e+03, 4.61826691e+02,
       1.21360132e+03, 5.03757263e+02, 1.19918262e+03, 5.46989685e+02,
       1.18455652e+03, 5.91949585e+02, 1.16907361e+03, 6.39212769e+02,
       1.15318787e+03, 6.88116455e+02, 1.17689771e+03, 4.09130219e+02,
       1.16289587e+03, 4.48342133e+02, 1.14793860e+03, 4.89697479e+02,
       1.13265063e+03, 5.32407104e+02, 1.11657153e+03, 5.76651001e+02,
       1.09999133e+03, 6.23393372e+02, 1.08252966e+03, 6.72377563e+02,
       1.11429919e+03, 3.96670410e+02, 1.09904956e+03, 4.35374084e+02,
       1.08320264e+03, 4.75852936e+02, 1.06647180e+03, 5.18279663e+02,
       1.04938745e+03, 5.62341187e+02, 1.03143030e+03, 6.08679443e+02,
       1.01279431e+03, 6.57200073e+02, 1.05180798e+03, 3.84417175e+02,
       1.03559741e+03, 4.22698517e+02, 1.01869275e+03, 4.62901581e+02,
       1.00099048e+03, 5.05062103e+02, 9.82486023e+02, 5.48935791e+02,
       9.63436218e+02, 5.94992126e+02, 9.43559326e+02, 6.42429565e+02,
       9.90383606e+02, 3.72779266e+02, 9.72794617e+02, 4.10820465e+02,
       9.54804626e+02, 4.50730774e+02, 9.35891052e+02, 4.92356720e+02,
       9.16519775e+02, 5.35733032e+02, 8.96132690e+02, 5.81072693e+02,
       8.75153015e+02, 6.28027405e+02, 9.29329590e+02, 3.61372772e+02,
       9.11058472e+02, 3.99489716e+02, 8.91708984e+02, 4.39064362e+02,
       8.71883545e+02, 4.80279816e+02, 8.51231812e+02, 5.22689148e+02,
       8.29812500e+02, 5.67254517e+02, 8.07617859e+02, 6.13860718e+02,
       8.69118835e+02, 3.50448334e+02, 8.49602966e+02, 3.88159424e+02,
       8.29514587e+02, 4.27510895e+02, 8.08517273e+02, 4.68465729e+02,
       7.86821533e+02, 5.10669922e+02, 7.64283447e+02, 5.54487305e+02,
       7.40799622e+02, 6.00223999e+02, 8.09428650e+02, 3.39462341e+02,
       7.89236572e+02, 3.77206482e+02, 7.68194214e+02, 4.15940857e+02,
       7.46226135e+02, 4.56744293e+02, 7.23388184e+02, 4.98280182e+02,
       6.99633545e+02, 5.41682007e+02, 6.75072937e+02, 5.86768066e+02 ]
   - [ 9.28047180e+02, 3.14186066e+02, 9.77883057e+02, 3.36778229e+02,
       1.02923328e+03, 3.59865997e+02, 1.08179541e+03, 3.83598145e+02,
       1.13574609e+03, 4.07544189e+02, 1.19157703e+03, 4.31814789e+02,
       1.24830811e+03, 4.56699829e+02, 8.87139099e+02, 3.42059052e+02,
       9.37426758e+02, 3.64770081e+02, 9.89115723e+02, 3.88880493e+02,
       1.04214746e+03, 4.13294312e+02, 1.09649524e+03, 4.37941071e+02,
       1.15246875e+03, 4.63440430e+02, 1.21010571e+03, 4.89294678e+02,
       8.44909973e+02, 3.70818512e+02, 8.95043945e+02, 3.94295776e+02,
       9.47231689e+02, 4.18867065e+02, 1.00085529e+03, 4.43700195e+02,
       1.05560303e+03, 4.69434387e+02, 1.11198535e+03, 4.95874695e+02,
       1.17011755e+03, 5.22982605e+02, 8.01292358e+02, 4.00479126e+02,
       8.52233765e+02, 4.24323212e+02, 9.04398682e+02, 4.49743195e+02,
       9.58315063e+02, 4.75458191e+02, 1.01359650e+03, 5.01719513e+02,
       1.07045544e+03, 5.29218018e+02, 1.12905322e+03, 5.58086609e+02,
       7.56242065e+02, 4.31275452e+02, 8.07519226e+02, 4.56200989e+02,
       8.60010376e+02, 4.81807007e+02, 9.14236694e+02, 5.08708008e+02,
       9.69887756e+02, 5.36225586e+02, 1.02738062e+03, 5.64957947e+02,
       1.08623865e+03, 5.94798279e+02, 7.09650085e+02, 4.63725616e+02,
       7.61121765e+02, 4.89151245e+02, 8.14001465e+02, 5.16046387e+02,
       8.68571716e+02, 5.43911377e+02, 9.24569702e+02, 5.73037476e+02,
       9.82489746e+02, 6.02849609e+02, 1.04179333e+03, 6.33196960e+02,
       6.61581360e+02, 4.97377563e+02, 7.13219849e+02, 5.24195862e+02,
       7.66409790e+02, 5.52124451e+02, 8.21183533e+02, 5.81032288e+02,
       8.77587646e+02, 6.10833374e+02, 9.35754822e+02, 6.41754028e+02,
       9.95554993e+02, 6.73367371e+02, 6.11590881e+02, 5.32662048e+02,
       6.63754089e+02, 5.60817566e+02, 7.17089294e+02, 5.89872070e+02,
       7.72405273e+02, 6.19740540e+02, 8.29124207e+02, 6.50391724e+02,
       8.87598083e+02, 6.82004761e+02, 9.47905640e+02, 7.15153198e+02,
       5.60029297e+02, 5.69268311e+02, 6.12382324e+02, 5.98554993e+02,
       6.66278625e+02, 6.28877747e+02, 7.21697693e+02, 6.60308167e+02,
       7.78653625e+02, 6.91979919e+02, 8.37659241e+02, 7.25097656e+02,
       8.98177429e+02, 7.58893982e+02, 5.06232910e+02, 6.07115173e+02,
       5.59269104e+02, 6.37740967e+02, 6.13192383e+02, 6.69304443e+02,
       6.69165161e+02, 7.01858643e+02, 7.26453003e+02, 7.35089111e+02,
