%YAML:1.0
cameraMatrix: !!opencv-matrix
   rows: 3
   cols: 3
   dt: d
   data: [ 9.4190232901996387e+02, 0., 9.6045618856898943e+02, 0.,
       9.4502441420375726e+02, 5.3038413433678261e+02, 0., 0., 1. ]
imageSize_width: 1920
imageSize_height: 1080
sensorSize_width: 0
sensorSize_height: 0
distCoeffs: !!opencv-matrix
   rows: 5
   cols: 1
   dt: d
   data: [ -3.3742592206290389e-02, 3.6756815353913681e-02,
       -3.1493499915245223e-03, 7.6961054787354427e-04,
       -1.4469431575162103e-02 ]
reprojectionError: 8.7770879268646240e-02
features:
   - [ 9.63653381e+02, 1.78450104e+02, 9.63705872e+02, 2.48908936e+02,
       9.63751099e+02, 3.19718414e+02, 9.34652893e+02, 2.20251572e+02,
       9.34666931e+02, 2.89470703e+02, 9.34676758e+02, 3.59037476e+02,
       9.06598145e+02, 1.92643097e+02, 9.06632568e+02, 2.60353729e+02,
       9.06688721e+02, 3.28494873e+02, 8.79678284e+02, 2.32538681e+02,
       8.79683533e+02, 2.99175323e+02, 8.79720764e+02, 3.65988983e+02,
       8.53968872e+02, 2.05593399e+02, 8.53938232e+02, 2.70828400e+02,
       8.53976013e+02, 3.36448700e+02 ]
   - [ 9.95694397e+02, 2.10550903e+02, 9.95738586e+02, 2.74971069e+02,
       9.95845032e+02, 3.39407928e+02, 9.63561707e+02, 2.42963776e+02,
       9.63677490e+02, 3.07275208e+02, 9.63699707e+02, 3.71817444e+02,
       9.31414429e+02, 2.10923798e+02, 9.31479858e+02, 2.75098389e+02,
       9.31533203e+02, 3.39640930e+02, 8.99415161e+02, 2.43114990e+02,
       8.99535828e+02, 3.07438385e+02, 8.99548462e+02, 3.72043823e+02,
       8.67500000e+02, 2.11333832e+02, 8.67518005e+02, 2.75369629e+02,
       8.67520569e+02, 3.39889587e+02 ]
   - [ 1.11118860e+03, 2.20929031e+02, 1.11113904e+03, 2.83237518e+02,
       1.11116309e+03, 3.45648071e+02, 1.08114929e+03, 2.50318878e+02,
       1.08120410e+03, 3.13187012e+02, 1.08115784e+03, 3.75856873e+02,
       1.05087305e+03, 2.17055283e+02, 1.05086938e+03, 2.80220917e+02,
       1.05088367e+03, 3.43540588e+02, 1.02004449e+03, 2.47010468e+02,
       1.02024341e+03, 3.10410278e+02, 1.02023291e+03, 3.74071564e+02,
       9.89017517e+02, 2.13372559e+02, 9.89015442e+02, 2.77088013e+02,
       9.89151306e+02, 3.41128906e+02 ]
   - [ 1.25212134e+03, 2.18984070e+02, 1.25200330e+03, 2.81690887e+02,
       1.25195007e+03, 3.44616211e+02, 1.22232947e+03, 2.48932053e+02,
       1.22225391e+03, 3.12113953e+02, 1.22227917e+03, 3.75407990e+02,
       1.19239758e+03, 2.16048889e+02, 1.19222046e+03, 2.79233826e+02,
       1.19216394e+03, 3.42755920e+02, 1.16185669e+03, 2.46284729e+02,
       1.16182654e+03, 3.09971741e+02, 1.16173755e+03, 3.73763947e+02,
       1.13114709e+03, 2.13054733e+02, 1.13117712e+03, 2.76869659e+02,
       1.13095898e+03, 3.40866638e+02 ]
   - [ 1.59765881e+03, 2.29409149e+02, 1.59768225e+03, 2.90104126e+02,
       1.59757703e+03, 3.50776642e+02, 1.57595032e+03, 2.56497253e+02,
       1.57600244e+03, 3.18223724e+02, 1.57596533e+03, 3.79536774e+02,
       1.55389978e+03, 2.22380783e+02, 1.55388525e+03, 2.84438263e+02,
       1.55391125e+03, 3.46558777e+02, 1.53108972e+03, 2.50167053e+02,
       1.53103943e+03, 3.12937012e+02, 1.53109180e+03, 3.75839203e+02,
       1.50788147e+03, 2.14967407e+02, 1.50789465e+03, 2.78580353e+02,
       1.50791626e+03, 3.42110168e+02 ]
   - [ 1.60251074e+03, 2.29296783e+02, 1.60247803e+03, 2.90054932e+02,
       1.60248767e+03, 3.50860077e+02, 1.58066516e+03, 2.56602020e+02,
       1.58068811e+03, 3.18123108e+02, 1.58075330e+03, 3.79534180e+02,
       1.55864038e+03, 2.22275131e+02, 1.55876501e+03, 2.84415619e+02,
       1.55875427e+03, 3.46629425e+02, 1.53606519e+03, 2.50213272e+02,
       1.53603223e+03, 3.12970276e+02, 1.53597119e+03, 3.75742279e+02,
       1.51287427e+03, 2.14931641e+02, 1.51286462e+03, 2.78632263e+02,
       1.51292151e+03, 3.42084839e+02 ]
   - [ 1.69171655e+03, 1.85446976e+02, 1.69165771e+03, 2.54649628e+02,
       1.69157788e+03, 3.24127899e+02, 1.64954932e+03, 2.25081909e+02,
       1.64938806e+03, 2.93276733e+02, 1.64929822e+03, 3.61716797e+02,
       1.60843481e+03, 1.96499863e+02, 1.60844751e+03, 2.63520996e+02,
       1.60827197e+03, 3.30843658e+02, 1.56856714e+03, 2.34742676e+02,
       1.56855103e+03, 3.00816681e+02, 1.56850488e+03, 3.67187775e+02,
       1.52997998e+03, 2.06790115e+02, 1.52994678e+03, 2.71844421e+02,
       1.53002014e+03, 3.37137970e+02 ]
   - [ 1.67623022e+03, 1.53622513e+02, 1.67623315e+03, 2.29098206e+02,
       1.67615112e+03, 3.04642273e+02, 1.63472058e+03, 2.03300491e+02,
       1.63468018e+03, 2.76246552e+02, 1.63450842e+03, 3.49421173e+02,
       1.59594177e+03, 1.79338440e+02, 1.59597729e+03, 2.49832352e+02,
       1.59594250e+03, 3.20480072e+02, 1.55971472e+03, 2.25110611e+02,
       1.55977161e+03, 2.93279358e+02, 1.55968335e+03, 3.61729980e+02,
       1.52584961e+03, 2.01913635e+02, 1.52575146e+03, 2.67994507e+02,
       1.52583728e+03, 3.34261627e+02 ]
   - [ 1.64598779e+03, 1.47053329e+02, 1.64612756e+03, 2.23879929e+02,
       1.64606787e+03, 3.00642639e+02, 1.61119604e+03, 1.99049393e+02,
       1.61123779e+03, 2.72886444e+02, 1.61117322e+03, 3.46819794e+02,
       1.57900452e+03, 1.75982681e+02, 1.57899390e+03, 2.47126892e+02,
       1.57904932e+03, 3.18391266e+02, 1.54913013e+03, 2.23210983e+02,
       1.54912622e+03, 2.91974274e+02, 1.54910938e+03, 3.60763062e+02,
       1.52130164e+03, 2.00945114e+02, 1.52120386e+03, 2.67266968e+02,
       1.52135071e+03, 3.33519287e+02 ]
   - [ 1.61764380e+03, 1.45056473e+02, 1.61768396e+03, 2.22328339e+02,
       1.61761108e+03, 2.99583679e+02, 1.58955701e+03, 1.97648224e+02,
       1.58965723e+03, 2.71977509e+02, 1.58950195e+03, 3.46219574e+02,
       1.56360339e+03, 1.75014114e+02, 1.56363672e+03, 2.46322510e+02,
       1.56357544e+03, 3.17941864e+02, 1.53980432e+03, 2.22636719e+02,
       1.53987085e+03, 2.91455200e+02, 1.53982336e+03, 3.60316254e+02,
       1.51730579e+03, 2.00810562e+02, 1.51742896e+03, 2.67046844e+02,
       1.51738855e+03, 3.33469727e+02 ]
   - [ 1.60104248e+03, 2.30959976e+02, 1.60101807e+03, 2.91345062e+02,
       1.60101990e+03, 3.51801056e+02, 1.58056262e+03, 2.57767792e+02,
       1.58051160e+03, 3.19050812e+02, 1.58054297e+03, 3.80110504e+02,
       1.55949744e+03, 2.23382202e+02, 1.55950439e+03, 2.85162689e+02,
       1.55952795e+03, 3.47275635e+02, 1.53803149e+03, 2.50794662e+02,
       1.53805945e+03, 3.13421906e+02, 1.53808447e+03, 3.76244080e+02,
       1.51594019e+03, 2.15478470e+02, 1.51592944e+03, 2.78819031e+02,
       1.51595532e+03, 3.42418701e+02 ]
   - [ 1.38930969e+03, 2.24277542e+02, 1.38939746e+03, 2.85964417e+02,
       1.38933154e+03, 3.47769470e+02, 1.36253943e+03, 2.52902695e+02,
       1.36260815e+03, 3.15210815e+02, 1.36267163e+03, 3.77644440e+02,
       1.33558899e+03, 2.19197723e+02, 1.33555945e+03, 2.81832977e+02,
       1.33546924e+03, 3.44710297e+02, 1.30800342e+03, 2.48065292e+02,
       1.30798401e+03, 3.11442841e+02, 1.30805029e+03, 3.74855499e+02,
       1.28003931e+03, 2.13957336e+02, 1.28009363e+03, 2.77686310e+02,
       1.27997424e+03, 3.41600128e+02 ]
   - [ 6.10947266e+02, 1.98547028e+02, 6.10916809e+02, 2.65383179e+02,
       6.10877197e+02, 3.32121307e+02, 5.81348267e+02, 2.34520844e+02,
       5.81300415e+02, 3.00741364e+02, 5.81334412e+02, 3.67047424e+02,
       5.52343811e+02, 2.03911179e+02, 5.52339600e+02, 2.69698669e+02,
       5.52293518e+02, 3.35362518e+02, 5.23628845e+02, 2.39238647e+02,
       5.23682007e+02, 3.04304718e+02, 5.23704102e+02, 3.69741577e+02,
       4.95436188e+02, 2.09222641e+02, 4.95545044e+02, 2.73728424e+02,
       4.95581055e+02, 3.38652069e+02 ]
   - [ 2.49220917e+02, 1.91408356e+02, 2.49105713e+02, 2.59425507e+02,
       2.49031982e+02, 3.27731262e+02, 2.26306793e+02, 2.29253113e+02,
       2.26187027e+02, 2.96622772e+02, 2.26195557e+02, 3.64097382e+02,
       2.03860199e+02, 1.99925415e+02, 2.03853195e+02, 2.66304901e+02,
       2.03886703e+02, 3.32858826e+02, 1.81958694e+02, 2.36805786e+02,
       1.81868820e+02, 3.02575958e+02, 1.81894531e+02, 3.68285217e+02,
