%YAML:1.0
cameraMatrix: !!opencv-matrix
   rows: 3
   cols: 3
   dt: d
   data: [ 9.3486733415720460e+02, 0., 6.6786721331664432e+02, 0.,
       9.3161275692061474e+02, 3.4793302512700063e+02, 0., 0., 1. ]
imageSize_width: 1280
imageSize_height: 720
sensorSize_width: 0
sensorSize_height: 0
distCoeffs: !!opencv-matrix
   rows: 5
   cols: 1
   dt: d
   data: [ 3.8294044377070900e-03, 1.0936161364679159e-03,
       -6.0562753192083818e-03, 1.0448037550233326e-02,
       2.3139331329421631e-02 ]
reprojectionError: 2.1934615075588226e-01
features:
   - [ 7.61019714e+02, 5.32333374e+02, 6.78578186e+02, 5.33573914e+02,
       5.93272705e+02, 5.34796387e+02, 5.05902313e+02, 5.36008667e+02,
       7.16590149e+02, 4.91695679e+02, 6.34114197e+02, 4.92310669e+02,
       5.49322876e+02, 4.92913940e+02, 4.61951965e+02, 4.93406769e+02,
       7.52812988e+02, 4.51846466e+02, 6.73126404e+02, 4.51823151e+02,
       5.90745544e+02, 4.51732300e+02, 5.06364594e+02, 4.51647278e+02,
       7.10155701e+02, 4.13331635e+02, 6.30308105e+02, 4.12685425e+02,
       5.48402527e+02, 4.12022583e+02, 4.63872986e+02, 4.11244232e+02,
       7.45216919e+02, 3.76745880e+02, 6.67997192e+02, 3.75530090e+02,
       5.88334717e+02, 3.74318848e+02, 5.06731201e+02, 3.72935028e+02,
       7.03858398e+02, 3.40012756e+02, 6.26626160e+02, 3.38230042e+02,
       5.47444946e+02, 3.36466675e+02, 4.66118011e+02, 3.34558502e+02,
       7.38076721e+02, 3.05972198e+02, 6.63470398e+02, 3.03920715e+02,
       5.86158020e+02, 3.01623505e+02, 5.07233673e+02, 2.99326019e+02,
       6.98385559e+02, 2.70998169e+02, 6.23533508e+02, 2.68337219e+02,
       5.46694763e+02, 2.65632446e+02, 4.67897247e+02, 2.62673431e+02,
       7.31854980e+02, 2.39489456e+02, 6.59495483e+02, 2.36440567e+02,
       5.84260132e+02, 2.33377701e+02, 5.07889618e+02, 2.30063721e+02,
       6.93444580e+02, 2.05979904e+02, 6.21037109e+02, 2.02539276e+02,
       5.46565552e+02, 1.99018829e+02, 4.70153870e+02, 1.95101639e+02,
       7.26248047e+02, 1.76819229e+02, 6.55903748e+02, 1.73023422e+02,
       5.83142090e+02, 1.69256363e+02, 5.08728058e+02, 1.65205673e+02 ]
   - [ 7.91236816e+02, 5.26104126e+02, 7.07124695e+02, 5.30750793e+02,
       6.21245911e+02, 5.35428528e+02, 5.33973999e+02, 5.40221130e+02,
       7.44389587e+02, 4.87093903e+02, 6.60678101e+02, 4.91343048e+02,
       5.75882874e+02, 4.95438507e+02, 4.89465668e+02, 4.99690186e+02,
       7.79849243e+02, 4.45170410e+02, 6.98605225e+02, 4.48911743e+02,
       6.15719727e+02, 4.52610809e+02, 5.31631348e+02, 4.56414093e+02,
       7.34899536e+02, 4.08371063e+02, 6.54252930e+02, 4.11652527e+02,
       5.72048767e+02, 4.14961609e+02, 4.88777679e+02, 4.18237793e+02,
       7.69696167e+02, 3.69461792e+02, 6.91144226e+02, 3.72433228e+02,
       6.10865234e+02, 3.75330200e+02, 5.29708923e+02, 3.78259155e+02,
       7.26523743e+02, 3.34651001e+02, 6.48332825e+02, 3.37187012e+02,
       5.68801270e+02, 3.39777069e+02, 4.88159088e+02, 3.42283844e+02,
       7.60280518e+02, 2.98366669e+02, 6.84342163e+02, 3.00592712e+02,
       6.06480408e+02, 3.02763733e+02, 5.27918213e+02, 3.04952393e+02,
       7.18865540e+02, 2.65369812e+02, 6.42737793e+02, 2.67163849e+02,
       5.65606812e+02, 2.69096222e+02, 4.87914185e+02, 2.70916718e+02,
       7.52009338e+02, 2.31415405e+02, 6.77992126e+02, 2.32993149e+02,
       6.02492981e+02, 2.34593216e+02, 5.26438049e+02, 2.36106140e+02,
       7.11765076e+02, 2.00042908e+02, 6.38013306e+02, 2.01503815e+02,
       5.63375793e+02, 2.02664291e+02, 4.87969818e+02, 2.03813354e+02,
       7.43804199e+02, 1.68403015e+02, 6.72180237e+02, 1.69431244e+02,
       5.99281006e+02, 1.70546768e+02, 5.25086548e+02, 1.71598236e+02 ]
   - [ 6.37383911e+02, 6.34755615e+02, 5.31073853e+02, 6.29115112e+02,
       4.24641296e+02, 6.23472534e+02, 3.17975372e+02, 6.17639465e+02,
       5.87552307e+02, 5.77596985e+02, 4.82975891e+02, 5.72044128e+02,
       3.77878906e+02, 5.66349915e+02, 2.73428406e+02, 5.60603333e+02,
       6.42370667e+02, 5.27615051e+02, 5.39340515e+02, 5.22098022e+02,
       4.36198517e+02, 5.16525146e+02, 3.32880219e+02, 5.10880005e+02,
       5.93900146e+02, 4.73791168e+02, 4.92532104e+02, 4.68316254e+02,
       3.90727051e+02, 4.62665497e+02, 2.88890564e+02, 4.56907196e+02,
       6.47005310e+02, 4.26930969e+02, 5.47285217e+02, 4.21460907e+02,
       4.47223236e+02, 4.15917389e+02, 3.47158783e+02, 4.10353241e+02,
       6.00272766e+02, 3.76134003e+02, 5.01631042e+02, 3.70655731e+02,
       4.03100433e+02, 3.65145355e+02, 3.04517212e+02, 3.59525024e+02,
       6.51415405e+02, 3.32094849e+02, 5.54654297e+02, 3.26759460e+02,
       4.57521240e+02, 3.21309052e+02, 3.60434692e+02, 3.15739960e+02,
       6.05910706e+02, 2.84013580e+02, 5.10644836e+02, 2.78652924e+02,
       4.14644928e+02, 2.73114288e+02, 3.19459137e+02, 2.67563843e+02,
       6.56230591e+02, 2.42452164e+02, 5.61817993e+02, 2.37218430e+02,
       4.67630646e+02, 2.31878067e+02, 3.73611847e+02, 2.26360931e+02,
       6.11758484e+02, 1.96873322e+02, 5.19215881e+02, 1.91640396e+02,
       4.26377258e+02, 1.86361649e+02, 3.33613434e+02, 1.80719543e+02,
       6.60563354e+02, 1.57776642e+02, 5.69042053e+02, 1.52608902e+02,
       4.77645538e+02, 1.47304840e+02, 3.85924683e+02, 1.42045334e+02 ]
   - [ 5.92666260e+02, 6.14079224e+02, 4.86500854e+02, 6.15534729e+02,
       3.74270691e+02, 6.16945740e+02, 2.56322113e+02, 6.18224609e+02,
       5.41400208e+02, 5.60454102e+02, 4.33535187e+02, 5.60454285e+02,
       3.19717285e+02, 5.60219543e+02, 1.99722565e+02, 5.60076050e+02,
       5.93728699e+02, 5.07923859e+02, 4.89980286e+02, 5.06572144e+02,
       3.80280060e+02, 5.05083771e+02, 2.65205414e+02, 5.03328430e+02,
       5.43618286e+02, 4.55205475e+02, 4.38245209e+02, 4.52443481e+02,
       3.27132324e+02, 4.49464264e+02, 2.10114487e+02, 4.46206573e+02,
       5.94847168e+02, 4.06159821e+02, 4.93200195e+02, 4.02306610e+02,
       3.86390228e+02, 3.98074188e+02, 2.74113281e+02, 3.93606964e+02,
       5.45762878e+02, 3.54517761e+02, 4.42759216e+02, 3.49195374e+02,
       3.34577026e+02, 3.43489532e+02, 2.20421051e+02, 3.37489227e+02,
       5.95726501e+02, 3.08734283e+02, 4.96687744e+02, 3.02434448e+02,
       3.92343140e+02, 2.95800690e+02, 2.82228210e+02, 2.88713135e+02,
       5.47981018e+02, 2.57808319e+02, 4.47279266e+02, 2.50185516e+02,
       3.41271973e+02, 2.42064133e+02, 2.30099045e+02, 2.33412888e+02,
       5.97171387e+02, 2.14991272e+02, 4.99725159e+02, 2.06543381e+02,
       3.97667542e+02, 1.97625687e+02, 2.90572845e+02, 1.88041153e+02,
       5.50142639e+02, 1.64769882e+02, 4.51581299e+02, 1.55165955e+02,
       3.48351685e+02, 1.44822571e+02, 2.39332718e+02, 1.33732819e+02,
       5.98358093e+02, 1.24755974e+02, 5.03292725e+02, 1.14404533e+02,
       4.03522919e+02, 1.03427544e+02, 2.98174469e+02, 9.16354980e+01 ]
   - [ 5.31888977e+02, 5.07374359e+02, 5.24495239e+02, 4.03109894e+02,
       5.17088379e+02, 2.98185425e+02, 5.09800323e+02, 1.92977966e+02,
       5.80465942e+02, 4.51814240e+02, 5.73245239e+02, 3.47443268e+02,
       5.65987000e+02, 2.42142807e+02, 5.58729187e+02, 1.36657150e+02,
       6.36559326e+02, 5.00474274e+02, 6.29421631e+02, 3.96191193e+02,
       6.22261597e+02, 2.91491608e+02, 6.15102905e+02, 1.86317078e+02,
       6.85560791e+02, 4.44858002e+02, 6.78579468e+02, 3.40402130e+02,
       6.71552734e+02, 2.35371277e+02, 6.64578430e+02, 1.29646484e+02,
       7.41487610e+02, 4.93538483e+02, 7.34588257e+02, 3.89267395e+02,
       7.27681580e+02, 2.84488831e+02, 7.20826843e+02, 1.78862350e+02,
       7.90611023e+02, 4.38151733e+02, 7.83737366e+02, 3.33193207e+02,
       7.77067688e+02, 2.27948837e+02, 7.70367920e+02, 1.22693039e+02,
       8.46754578e+02, 4.86830933e+02, 8.40065979e+02, 3.82197357e+02,
       8.33404785e+02, 2.77180145e+02, 8.26741455e+02, 1.71799591e+02,
       8.96067749e+02, 4.31026642e+02, 8.89476624e+02, 3.26243286e+02,
       8.83058228e+02, 2.20913300e+02, 8.76599060e+02, 1.14938118e+02,
